2752762737517.9379527569
1605102038508.3200216293
1451276870295.5161325932
4250905934426.2661209106
1770177096909.5917618275
3344008898632.5455350876
1857409022119.6565637589
943698747326.4019249082
1559318910390.4594991207
5976169893930.0384426117
102441230330.1338705719
4609706242674.5582761765
1868775189274.6239674091
3378957360249.7556285858
4083374964134.5794157982
2137043226931.9564881325
709243831655.0752639771
235663713421.9337408245
2571332642958.5831787586
562921564209.0750808716
5167879454133.2661209106
3943197717543.4362998009
430719162132.8086113930
3087863240580.2110149860
4578639609216.2653942108
2133075782272.9304722548
1326655036144.6580961943
4545575663584.9175739288
1218139186692.1613415480
2360306478797.9870181084
5044830006567.4746580124
1423044537816.0249276161
258361144186.6227777600
3692770763847.8788843155
3621851443939.8966422081
2670730889979.3097541332
2417381882682.5505325794
935596923389.8192648888
481133882210.9757267237
1764031274937.7788531780
5240585798925.4389514923
1312309716569.8026232719
266979791605.7216403484
1917306881422.5005004406
1094126491755.8792475462
4632178221389.7371387482
107565006722.2288670838
2215331090855.3451509476
69131617243.8870918900
4301488933719.7692923546
1158105469210.0829327106
4455922294745.1985597610
896245748713.2555256486
662043238119.5970777273
3253504962996.2667374611
2049186269221.4940114021
2352076139982.0420787334
3674684981462.6795308590
5373094145681.6970233917
638893614407.7385469079
4897935937939.7494974136
2618536432566.4136667252
193411104960.8929947317
4156283799859.9361169338
75898460779.4072522074
741817113062.4465618134
396574381414.7931975722
1904377528888.0421603918
3287819715442.0589451790
3437187249582.3979630470
2636424804631.2649402618
4803618895605.0239686966
350241206993.1047807932
5834120643168.0964512825
1671299247674.2639106512
140460832509.9565824419
1436273628218.8495692015
431165154116.0746716857
2587051937225.7070419788
453896373267.2065996230
3526145235248.1038355827
1991661104936.2196108103
1507241651918.0128504038
7042051075543.8414764404
2750424247080.7057542801
6678275795389.1369600296
4494781981450.1964797974
654510017478.3033319116
5935840085432.3233003616
5598765280839.8041515350
1603012070526.8499614000
1003829051381.2563589215
3885522950797.4152078629
6340175003840.9092016220
3378554676854.7923779488
4604376622287.9650468826
1718181219370.8497320414
2770757227278.0797548294
4018715529378.5682761669
287920100662.8355538845
1172080122338.5917617083
860021244624.4369449615
1917981514438.6895071268
1356173749842.4972434044
411309840854.3584911525
2062538204668.1106112003
326028802460.7394626141
4699777207409.1446685791
3505793623784.0990176201
3104874153440.7582745552
973303317445.4198595285
3868382395292.0081427097
738830027308.9673811197
6792234019692.4177045822
992070831605.5723946691
219232235591.9448069036
2774949301105.7418851852
2118806040091.4056260586
2636183464413.8186683655
4579063990729.4143314362
5724678910778.7846279144
4647078689944.0995159149
4074691651973.2702662945
1603806768314.5099186897
5617138064300.6622986794
1298532824466.0671235323
2314790715635.0990176201
1487954860356.3238995075
442500623356.1997882724
486930451309.2770065069
3664089549201.0359511375
4007652846718.0525631905
2690967114106.1409776211
3963952013702.0008597374
1866933919665.9324723482
3949460482429.7443258762
2823634901606.9786050320
1826872498213.4311611652
2898363455173.5237360001
1892953755266.2692303658
1759884131746.1884670258
1981791986673.7574968338
2785762702377.5460009575
2107973449670.8250050545
521636740941.1221324503
4502237249335.4895534515
891571761601.5883814096
492725309475.8894011676
3377873509226.2112712860
59677834442.9147800915
863437149353.5717592239
4519484777809.0243868828
5115955302753.8000826836
220853852140.1716216505
4868168550674.0953254700
2219920948652.3969931602
6654054955219.8056139946
977352550502.6251662970
1320628376946.9650467634
2227919399870.2076754570
2033751312398.8709168434
1182855153681.9753302336
5113597565905.9899749756
5921790481614.0609245300
2278540951067.5214939117
379364850659.2574384511
1742021207148.0410484076
707629027728.8353782892
162015877919.1348877996
1463540021425.8463007212
3869431202551.8183591366
5120020588690.2344627380
3796236138269.6352653503
3766754154430.6333870888
609333595451.0456934571
1819818181371.5527768135
22353009450.1950831022
2742166118611.5884301662
3394497642938.2251803875
1087483792136.8602906466
640370334.4075444220
1927910149002.8163262606
776104014556.1579873562
4119923901664.7553484440
3597974932217.9089972973
465829773756.9681221247
2998880828510.2026517391
6107786441740.9005393982
1104256371523.4509532452
1858490076437.8742877245
4096118110205.6127312183
2818706210612.9779779911
2262835885497.5528969765
654159938321.4466614723
869542621672.0806431174
4386218789164.5862059593
1455133012165.5387337208
2546275437698.1166057587
3431470201324.0797548294
5386982064115.9783773422
5420957044081.1673598289
2232841737577.9994099140
3625390312930.7622842789
2441331083013.5070414543
2096015027785.8962864876
4488763213890.8362140656
593951110447.6033631563
924200815993.5568438768
1476534080452.0576696396
3734423428279.5844190121
284100662607.8476803899
214129425753.1530366093
4305214901053.7706460953
1391224018021.6060719490
671804611186.9205904603
4403783347078.3056139946
3588060409513.2243158817
1864571759750.5044263601
2966124351107.5060629845
304530663087.7456809282
478153846433.5150867701
1196178958078.7434118986
1035740393178.9412156940
1452038450162.6476702690
2829850602594.9221673012
3986515558919.5415382385
89001613942.9105260968
5076126719339.2091164589
4580545785903.3341207504
2913714771812.6828265190
2119305936550.5536341667
2133316961535.6802600622
2939190597945.3332018852
244738252433.0602546185
4762843694452.7974739075
5691707728420.1321115494
1329473521365.6068646908
5768195005776.3836736679
1671116998549.5934405327
1346936712645.7487001419
676293206937.5700496435
5004712670535.2167205811
2293145594285.3088850975
5162886520861.2969245911
450418268585.8727255464
481387964071.9735941291
548272441365.5052080750
1560750623876.0180051327
3467631632264.5749802589
1962996569564.2895320654
805654530019.7338818312
1167284811183.2788531780
566634372507.2453752160
404440692886.7774102092
3691880727203.7745761871
1131623600078.3079829216
2324226311808.0884664059
1425277214799.8179301023
338400763108.3629269302
3260346923108.7187020779
1468232798659.5343658924
5046944584324.0776753426
494450605369.6580962241
1925240185310.1738337278
1079329250249.4011968374
595237087833.1170287132
103383806475.1045952737
2809747349717.0565783978
2233663429765.3200740814
796352573062.1176916361
463318355802.5843492150
688946147028.7147873044
4535005957476.9359416962
4043364682424.1964800358
1450854737926.7094047070
5626009200963.0128502846
2112074714053.9833843708
1304490723555.0733743906
3962726651211.3068187237
2599686980710.2328152657
69188992078.0930000842
494961617424.5711520910
3773235885526.0491821766
240021993136.7624180466
382532537122.5325098038
575912355717.1793159246
254540558040.5000000000
922240773911.9130524397
3416032421856.7579631805
411455275137.9557609558
271589207194.7216574997
3145544828223.9803032875
3648156063590.5495288372
4102552582691.6737074852
1936818351285.9906990528
325854089170.1919219196
629177389093.3862305880
5824586503953.9513249397
2031814076884.7090138197
508635747498.4089366794
5035407868680.0543918610
2681715722658.1551830769
1355189562472.9757267237
3005901582514.4134304523
3991589721193.2896013260
3332751635998.7415146828
3139580706599.7339251041
420255618969.6198220849
4303588060077.5233640671
201838463910.4762121737
1571402653563.7494974136
935309839058.4259394407
822349425706.6598764658
4059007438185.8539574146
5427881743130.0735816956
5166241296640.6835908890
1237940837743.4438117743
4502305230355.1282067299
587815005609.5846725702
2608295589858.5567240715
4345548890272.7522995472
192552562795.7132028937
463549980892.9463453591
3151055246027.1655774117
2293589876130.2649402618
81161814677.8574008942
1316878801395.5970680714
3474209464525.6999373436
229004482192.3532170057
2026676061948.8028978109
1213361842491.3567016125
9586019338.6850199709
56449661046.6500705779
5548015062096.7672863007
2904993480421.8562710285
23203689471.1004854701
5305097123090.6848435402
4598410287305.4032635689
6812926920626.4714593887
1849210776761.4859802723
1582482158202.1672750711
103438284955.8035620451
1370887795882.7514674664
5267436042826.8444852829
3648359218515.0267975330
21363204398.9734958876
3367966773808.0752639771
10928548743.7055718414
3853622310961.6183884144
1862685664542.5413131714
3807909129525.0201292038
3298325839274.9269471169
5349613339182.2983927727
3260902736755.3279719353
241106414151.8531859070
1699002709156.5720090866
3061952619939.9548900127
3381155238861.1403007507
1491648873080.6925587654
4150929530271.8236143589
684754636537.5884301662
5185511583215.1306467056
4414913354980.1268119812
3270076779007.6853878498
2010574941339.3133044243
6203907889459.0239739418
2005708793046.0233639479
2071462001889.0561894178
2367020785893.5008597374
388148447916.2410466671
3631388298409.4740443230
1673151771499.5408487320
5399941644468.2661209106
3348545747764.8435325623
880587374698.7956096530
1428276253533.7257659435
4040638004092.3542814255
1247765191985.9597845078
283985614371.9956270456
1362176349815.9898506403
921820684894.3736444712
2219867327040.7093944550
768916782034.2873662114
3992748624551.1735901833
471846207975.4819221199
1976180473900.7873063087
3378366664697.8259487152
1987387502106.6706485748
3894696754053.1817393303
4257133019024.4664626122
1891399026658.7772946358
3946499645110.5595502853
1811487589940.8195860386
2688608360213.8199441433
97711630808.1822607294
1284544488534.6125476360
3052725474958.5417864323
6683148069921.0621337891
1829812502464.1867891550
261397734384.3039219677
5767951522471.3892207146
2008731538090.4654040337
1419121098790.1368254423
3117191914348.7657823563
3143045760876.7072577477
3736582471200.0820283890
813419625817.3753760457
811358660704.8087941408
2980977515924.1428689957
1351545588020.0829327106
694537453118.2310395241
2177522620039.8580926657
5041281781479.2244119644
1489445056014.4978098869
517808013699.5379851758
852749547126.6480477452
143053613718.7101634145
1384631895354.1094360352
1257556600467.4886804819
3228640493116.3162994385
1196551362127.4374982119
522789464958.5220214725
5258373091901.6618380547
3901783387936.1566309929
739009938885.6973832846
2056175325857.2041608095
3356851404469.2488620281
2793340971262.0735816956
1405146658462.4006407261
2273133438656.6355121136
6853079488805.8238997459
1184456151480.4194711447
204863141282.1218759567
791663077219.2598358989
35790275751.7161522135
393407743977.2562892735
2548738395732.0081427097
470276225589.9658781886
5711033624340.1051597595
1964394452114.2869062424
3986237113287.8213119507
636239912011.9562511444
4808502298738.0621337891
1350975785513.3143243790
356972185461.7140293121
5871185541831.4753308296
4319186499434.5574541092
1551693602159.5867917538
2541792843676.8583359718
2279432461560.2602024078
2503152883409.8192648888
1783417382080.6358582973
698376721530.7395780087
4153378183783.8015995026
4230621226633.6503903866
87161790469.5999006182
1456586055893.6182487011
4329349959301.9464030266
5002782664417.8362846375
15855798744.1311128307
1881930212202.7684249878
4314870232225.6561212540
3135677403219.5674052238
179989543407.5248026550
4396988349727.7814393044
4932259599302.8062396049
2663058643182.0159363747
891903833470.7298945189
4914886055111.5070414543
3018467829045.0376467705
804713825279.3390789032
3334035413314.2928171158
3988382159627.0983760357
3182224458027.2250096798
3229154992239.8479015827
4408306183228.4850711823
1183754909852.7386856079
2043923029292.4288172722
1616662461640.9508144855
5165512141361.7386856079
2420586407450.5299537182
2667551281739.3434700966
4788551606451.4507179260
2680653413471.2488620281
1037876095160.4503319263
4705448918061.1787281036
569626515067.8998492956
2046590554306.9056019783
3814095538636.4464030266
4688570569302.7057542801
3137722715906.8580927849
5607641418980.0735816956
1814163001086.0515736341
5990285318831.1306467056
776083472224.1742305160
4258686763586.2049283981
4528165046716.3134260178
1578355098795.0615162849
5245465161289.4395103455
2178832781842.9206387997
1287627914942.7606887817
5783789207531.4247546196
3249096473221.3015995026
1940551090902.2806305885
3012732374557.5707974434
3905515287901.5489861965
6494792967751.4582209587
1466219816091.0198409557
4791842501107.1369552612
1386298936356.5602900982
2832440131887.7759568691
4525422145433.1985330582
3311751490566.3499612808
109072339637.8718382344
1437151201719.5787260532
2354495760980.3412625790
4519960109828.3080148697
4869656021682.9834990501
3139875650715.8143785000
5801655629310.5262198448
770032465417.9575702548
6570516558550.9653630257
5201161262607.9198827744
2744297820975.6261970997
399716863306.9521216750
1545808909869.0923318863
3272902808918.0269074440
307019642316.2939420938
215229130446.7092037499
5740475334700.3257589340
4998842434530.4160747528
5914882821680.1306467056
1162206395339.5073668957
2100734899154.4916143417
1370107606609.7491536140
1640380671877.6994756460
3118602300797.8240585327
1137362092984.2007266283
214969198769.6317723095
361288884859.0145843923
80611348370.5423978269
809306905290.3794491291
1118070775288.4070038795
1125401155196.8208974600
1919832827148.9224894047
2683184201476.7115335464
3046308169696.9286854267
1244865739618.6880797148
1916220985232.7622885704
1030687453027.9021283388
166469378066.5240208209
1850340442886.1090283394
1068993836648.4645757675
1299053982864.4027662277
1383300321628.8321182728
4399670766954.0243868828
3920205208880.7768752575
6435177404237.0847349167
2266591288354.2582745552
2005832253000.4299782515
151663377691.5429430455
4849412757337.7072577477
3306530136156.0561895370
425371270963.1068225503
880333847621.9716711640
3863987241658.0304374695
2547500926646.6738338470
3947221499226.4850964546
4618663216635.7631907463
280482203896.1114376187
2506179506514.0344040394
3197556023869.9793269634
2042595189526.0666084290
454091061748.8599380255
5783012623565.6125845909
1994434858298.7354612350
532392473054.0511131883
3303147122963.4586131573
4698970669359.1866703033
1593407752508.9176281691
4328437123860.7553274632
1108667143602.7868950367
4327797855864.0267975330
277373236487.2198973000
492812204315.7846024930
2191316351940.7657824755
6496406467047.5465011597
2527158712197.5394778252
3323143853588.2391662598
1147841324110.5052080154
219075812383.7501947284
3722882720858.4780297279
2729955928968.1531748772
1489781571536.4671154022
1402861097356.0023934841
4393528693551.2164111137
4486878445394.7744870186
1809214209043.8690230846
613348551857.1347572803
4724688192957.4438800812
2993118315873.0432763100
5930844463221.7072577477
3857791504959.1042728424
1168206958124.6383054256
3954302812804.0000000000
35504886322.6403305866
96900653157.7419010624
793278509123.6801899076
5626658991960.9193186760
388780269277.4064668417
6435132442783.5736398697
1863763354295.1157970428
1299636179503.5354275703
3380483582661.0239510536
1630232523949.3374681473
1321794861055.4015293121
633204727876.1670024991
1383832828013.3767654896
1984450991755.5642029047
815016781257.9136668444
3149291431413.6708066463
6085882060402.5706944466
721347133215.0180051327
5818949647933.2514991760
2229045473985.1069183350
1251793065665.0663515329
20863040771.1235819850
3638387945103.1875820160
2918692061056.9923315048
612233899814.8901209831
4419081121165.2564878464
2264552207408.2235035896
6095223214837.7582960129
540924565174.9917331338
2527656304225.6580963135
1454726579849.3143243790
3818564212007.6970913410
301166760276.7649893165
186123962655.7244438529
1517641179156.5456933975
2547608408192.0023934841
317855210930.5183486044
4087161503970.4895555973
1219871139611.2274572849
4667981830354.9221673012
2935404432031.3555707932
2068247286075.6172014475
1005095361439.2110369205
2043480531533.1092964411
2324703404827.4038805962
1410070401607.5587717295
603781331000.7421042919
173700863294.3846514523
4017795920221.7598204613
1300696303020.7605072260
1254439341397.8675737381
4253766671997.0336990356
725500735821.2633523941
1719185601465.2168173790
1422055413534.8723973036
1706311415045.8321182728
556643642277.7646713257
159310703525.2538706660
5562074212292.0241732597
3307810382942.3274021149
3113868745511.6970405579
1044040147934.8138717413
99361456833.3531859070
3585185550247.4070229530
2761217906775.2055945396
1148117960327.6517471075
2167907798059.4937772751
830583774119.2788333893
3373724341329.4302983284
1152362215608.9788480997
4178373845263.2118380070
1494879409472.5083999634
3153885622602.9582209587
1855447619701.2886779308
2985948293921.1881675720
74864564540.7110561803
1538621987677.7935096025
5730834380041.8327155113
850143396412.6008946896
329321864356.2661510706
4921929678244.0584278107
904273696469.5716415644
105123003254.2730989903
5299438639652.2000184059
1721865234637.0055218935
725191341627.6771945953
1522727956205.6471276283
1393318873164.9898674488
330232118418.8602485061
224542004930.8755757809
4670659810681.1306467056
3397265008583.6553082466
6078390232853.4373345375
2606568022313.0586686134
1236752176942.5688350201
139619752876.6622894406
106732117988.7649893314
262074487106.3565123975
1042476815890.4472257495
2631159711985.2933182716
1677147727007.5517061949
130718623602.0148731917
4718829414073.6692261696
5149653686343.5831785202
5909720548734.3213119507
2037526671145.6920874119
312106788625.8990171850
2865492236796.9972429276
652495855410.5949887037
6834685109806.7553482056
863139393817.6863843799
678798121515.2658537626
5654777274063.3531770706
2770646424551.4187233448
2890512587224.1980948448
267529204261.2545357496
2391222276125.9406440258
1245393938274.9907207489
4033205440010.4785821438
5152809809987.6339192390
1363720608373.1013631821
645929447800.7597390413
590825826961.6973832846
6166291602069.0384426117
2587613635959.6227655411
324801410541.4558759332
1255951903408.1595935822
2775162584543.2675375938
3102747167676.8758335114
4737179863773.9879102707
3680302560270.2288000584
2813617318474.5803604126
3031351898826.9794402122
1207989633365.4304722548
3664252060295.5361990929
430488289561.9190346301
1011716279650.7841838598
727351696400.8102294803
3932096249487.3233003616
704173532770.6355690956
4253170790834.9485354424
2055190912736.3362846375
5926129670717.3531122208
2925655257307.2917494774
732991604532.8688409328
3022048694830.5873847008
4114024114177.9497857094
706874562389.6035945415
1419783889386.8539117575
3340130163273.0130584240
448298584860.8720800579
1780869913546.3508543968
6221208344205.3257589340
397149925882.1329786479
690790045369.4341206551
1849106978790.5650864840
4420740771916.1999373436
1346578090260.7598685026
2405040658118.4412157536
4539491912919.1913537979
2578798842994.4081628323
667206812895.7728117108
1182661880063.9770340919
1574830313658.6875782013
3732732619529.3713698387
2646622713138.8886380196
1037610401541.0829327703
2951152268581.7049283981
141822625646.0104623735
493047050191.4060256481
1182788637621.8131270409
4669720881447.7570009232
2895528346244.7218060493
869280016476.4790177345
1424582041818.3488428593
3597274749625.1226456165
2427730289927.0582759380
3917722910045.2486300468
1322329912280.5488967896
178743828792.0326845944
272109785391.6077970713
157452395484.7806861699
2008980880574.1966490746
1116614174437.8210940361
2648205048003.2149071693
2510807114432.7288000584
1448385494828.6259630919
744057970723.5148781538
521778099036.7841176689
3655283722405.3218979836
3831513554029.9747147560
4194955532021.2516055107
4846422062903.7351408005
3329427350405.8548221588
333742377505.3951444924
4233728801838.3929724693
5005415860948.9204978943
540776114027.3937534988
3734534327104.3946220875
4618691744582.6489911079
2080527006394.1875574589
888545254577.8066895008
246630373413.6600376368
885936921041.0219901204
1975957641719.6649701595
6444832876529.3082895279
1090630398567.8905740380
138004663946.6416176558
2318041718858.1092431545
1994850754917.7338590622
3092824546955.7814092636
988855135304.1880797148
2261742799539.7752885818
4800472985490.5740804672
2583602648495.8363504410
1002335304759.2814730406
471667329853.0927619636
1251819520591.5916609764
2676162168396.5357863903
1282782155519.8997619152
1927587066522.5973283052
5402746604041.3102293015
3839193354230.7407188416
1155050984010.7445716858
3988434967278.2110369205
3188400860386.9006443024
447879793532.3574008942
965832327415.0939023495
5883610178939.2615079880
5461137527485.2522993088
3383587327223.3258075714
4666015032327.7707920074
3176527744307.6125845909
1128614678593.5505325794
569172322830.7859748602
2322104828284.2736721039
4684619372647.4222826958
4971196351279.8707523346
412377040679.2597390413
739073750736.3416841030
4441286313807.7287621498
3058837493579.6628227234
1227826151294.3971636295
2386644477119.2307682037
3234473062872.3117914200
3271720807963.2110149860
5782567754304.1777734756
4554208135424.8200216293
617350337115.1780100465
5927447812951.8932371140
1842980880996.1854588985
1993037884942.3753759861
3289936193803.4843804836
431018236706.3599380255
1124146575229.5985630751
2339641069596.0130584240
1876609752276.3376816511
691502310655.1719313264
2029647337235.5329966545
6084104421465.7072577477
4518673287081.0042181015
4169276160394.5241677761
5957890657589.9375867844
39252239198.5726676621
402580820005.3247984946
1660803021994.5543992519
1104040154166.4448471069
4383160430056.4789738655
1795631985789.2358725071
3028825468847.5783977509
3255980357488.0493123531
4046711791508.2699303627
5274510541300.3276004791
420394886578.6161940098
792372861631.8632978201
207384616321.9159324765
4033666447370.9176282883
919021822445.6221238971
1832183228688.5471704006
933977518015.2142408490
341019063179.9848596156
2244012501200.8928380013
3158097699331.3979630470
526649839193.7216574848
214233781661.4708288461
416217610047.6598764360
664883193300.2217779756
2090440203043.3102295399
2593947735456.6283693314
1594790096426.2616581917
1314893163371.2507880926
2696626223782.3595213890
1527404636721.9474831820
2040472990858.1008145809
5740880951580.4621162415
2791425437439.4130821228
870311511955.6595935822
2609599303859.2653489113
943119488965.9429020882
5011704086778.4126172066
1188418218088.9466555119
3478618605673.1743226051
3178610750791.6881675720
95955601357.1010721624
4637327958856.8994388580
2221104261826.4320967197
4316117794517.0885083675
1847946438666.4895532131
2983541326069.6881675720
79874225716.1866134405
2666602047459.0053415298
2245250201659.3263196945
5439232774282.2404203415
2268115431994.5833959579
90039375658.9970296621
3800882324535.3279719353
983920754518.4341207147
1289896576318.6999437809
215010260457.5717592537
193134916918.2777455747
1031686667280.0483385921
1614641566235.8032779694
3040955427039.0105085373
1198378252754.8001512289
3133767385017.5602865219
1912137517095.4026038647
4139330080981.1306204796
2699610446415.7732079029
3061155832560.8981318474
253555766059.3015994579
167301304804.5182857066
4165516435479.6011152267
1925536490785.0609905720
357879999346.9921742678
2469318948726.8186683655
3227764039550.9922213554
4033580005937.4438800812
1600325296631.6227655411
3998909580103.4657132626
2099209659775.9787572622
2574548039900.3799695969
6512569449603.4832229614
3191507807030.4015293121
1455653397112.5925712585
4078887600676.8804907799
44925765161.2077721804
2747486613285.8342795372
1857791092073.5811073780
3690975663427.7692923546
449053281301.7604878247
838656616525.0802055597
3549330575909.9544925690
319882234526.7004697621
898448577831.3078759313
2148768974430.7786232233
4277387411979.5827023983
1921196643082.7380803823
343714732106.1899095178
897959006302.7732078433
3221338589193.0648846626
360313915750.5799429417
1120947710733.7698978186
5601260025092.2675657272
3184827153226.8758335114
1385797435924.1273890734
29153921905.3751302734
1279249159663.6920331717
1096197583361.4196020961
3325315902387.7692923546
425190935343.9583424330
2378341831967.7215552330
1787042205970.5648901463
2639180301366.7622842789
3342726724097.3499612808
1035021214780.2714878321
6451064581184.8342795372
2011874660512.0306413174
1600153716721.7522995472
2817264034668.9844417572
5412656903410.8195605278
1038489595410.1490830183
1830411433150.5867917538
5223700563157.8739929199
1320138512573.3127846718
371990759460.8198566735
2545613155411.9325585365
4314925093647.9108958244
3762404836488.1125845909
3893757761971.4132416248
998890690300.2788531780
4314243383685.7702662945
48031850234.3167462572
2405754280389.7351408005
959663607159.2229837179
4257794967973.2855072021
