200 300 1
42 48
139 157
124 113
44 14
179 67
137 150
60 85
155 131
187 2
145 46
97 121
175 167
20 55
181 118
58 138
179 195
151 164
135 43
4 90
62 162
173 23
68 118
179 160
159 153
161 69
109 32
53 193
69 67
36 48
170 53
105 75
52 122
178 75
25 82
179 87
110 190
69 161
105 32
110 117
14 198
19 82
136 95
134 178
129 191
164 104
189 59
51 171
165 79
169 81
12 54
68 39
200 121
60 175
122 25
93 127
102 47
51 114
11 154
53 67
168 84
11 149
1 147
32 94
122 179
8 200
171 179
181 128
48 75
183 99
179 107
80 184
81 22
33 120
181 118
156 177
39 118
176 35
188 173
106 182
29 111
2 66
34 101
62 70
140 189
185 12
22 174
7 65
185 181
75 94
77 14
46 145
18 164
184 176
171 90
43 198
141 164
94 164
87 25
27 122
107 91
36 167
79 140
15 189
60 167
121 78
18 66
82 52
75 81
175 167
121 9
180 33
18 86
151 146
186 159
195 191
36 58
172 192
197 174
124 113
181 12
70 96
175 167
64 163
87 76
72 75
133 197
144 108
18 86
79 140
22 174
175 31
198 14
199 184
119 169
111 167
1 94
43 198
36 175
131 32
96 144
169 119
96 62
171 105
1 110
15 189
147 184
159 171
159 200
195 1
111 45
112 18
54 12
20 55
154 56
63 140
73 107
18 104
151 104
22 38
6 52
102 59
163 144
11 102
52 122
163 96
119 103
74 22
37 169
191 70
73 82
66 151
145 170
195 48
171 186
148 25
73 87
43 32
42 57
12 126
54 41
186 166
130 185
98 93
96 50
67 94
45 5
100 199
191 129
88 127
139 106
199 188
92 16
146 115
24 81
144 106
174 81
37 169
178 81
169 127
159 171
53 69
1 105
200 192
192 172
94 10
52 82
3 1
192 186
62 163
22 127
171 94
78 51
80 117
95 45
73 19
107 19
99 183
74 38
183 73
43 14
89 151
154 55
158 163
32 195
171 159
70 125
52 107
116 48
120 198
127 169
139 144
48 105
179 122
105 94
159 113
1 48
26 117
78 30
66 123
19 28
11 149
86 132
159 200
110 117
4 171
88 127
193 53
101 152
93 75
152 43
187 2
120 168
194 80
39 68
112 61
158 64
111 175
32 1
42 167
151 66
131 198
53 67
174 133
178 127
106 195
110 188
60 95
196 44
188 17
42 167
57 71
150 105
200 121
195 49
165 142
7 104
147 177
198 143
105 189
53 181
67 13
79 59
178 134
173 199
84 120
135 43
146 151
48 94
11 140
167 40
179 105
102 140
65 104
78 121
1 94
59 21
33 152
83 191
82 92
11 149
