200 300 1
11 149
82 92
83 191
33 152
59 21
1 94
78 121
65 104
102 140
179 105
167 40
11 140
48 94
146 151
135 43
84 120
173 199
178 134
79 59
67 13
53 181
105 189
198 143
147 177
7 104
165 142
195 49
200 121
150 105
57 71
42 167
188 17
196 44
60 95
110 188
106 195
178 127
174 133
53 67
131 198
151 66
42 167
32 1
111 175
158 64
112 61
39 68
194 80
120 168
187 2
152 43
93 75
101 152
193 53
88 127
4 171
110 117
159 200
86 132
11 149
19 28
66 123
78 30
26 117
1 48
159 113
105 94
179 122
48 105
139 144
127 169
120 198
116 48
52 107
70 125
171 159
32 195
158 163
154 55
89 151
43 14
183 73
74 38
99 183
107 19
73 19
95 45
80 117
78 51
171 94
22 127
62 163
192 186
3 1
52 82
94 10
192 172
200 192
1 105
53 69
159 171
169 127
178 81
37 169
174 81
144 106
24 81
146 115
92 16
199 188
139 106
88 127
191 129
100 199
45 5
67 94
96 50
98 93
130 185
186 166
54 41
12 126
42 57
43 32
73 87
148 25
171 186
195 48
145 170
66 151
73 82
191 70
37 169
74 22
119 103
163 96
52 122
11 102
163 144
102 59
6 52
22 38
151 104
18 104
73 107
63 140
154 56
20 55
54 12
112 18
111 45
195 1
159 200
159 171
147 184
15 189
1 110
171 105
96 62
169 119
96 144
131 32
36 175
43 198
1 94
111 167
119 169
199 184
198 14
175 31
22 174
79 140
18 86
144 108
133 197
72 75
87 76
64 163
175 167
70 96
181 12
124 113
197 174
172 192
36 58
195 191
186 159
151 146
18 86
180 33
121 9
175 167
75 81
82 52
18 66
121 78
60 167
15 189
79 140
36 167
107 91
27 122
87 25
94 164
141 164
43 198
171 90
184 176
18 164
46 145
77 14
75 94
185 181
7 65
22 174
185 12
140 189
62 70
34 101
2 66
29 111
106 182
188 173
176 35
39 118
156 177
181 118
33 120
81 22
80 184
179 107
183 99
48 75
181 128
171 179
8 200
122 179
32 94
1 147
11 149
168 84
53 67
11 154
51 114
102 47
93 127
122 25
60 175
200 121
68 39
12 54
169 81
165 79
51 171
189 59
164 104
129 191
134 178
136 95
19 82
14 198
110 117
105 32
69 161
110 190
179 87
25 82
178 75
52 122
105 75
170 53
36 48
69 67
53 193
109 32
161 69
159 153
179 160
68 118
173 23
62 162
4 90
135 43
151 164
179 195
58 138
181 118
20 55
175 167
97 121
145 46
187 2
155 131
60 85
137 150
179 67
44 14
124 113
139 157
42 48
