200 200
-459 -33 -166
0 -331 224
-22 -142 462
-36 205 -355
-219 327 461
-9 495 442
327 -64 -109
104 402 -347
-208 -118 -79
216 218 395
-53 226 271
38 369 412
167 -201 -465
394 203 311
-178 -167 173
164 -359 211
-247 368 47
144 162 257
-463 359 223
241 29 278
-184 -465 -310
342 -212 -394
-460 442 -236
148 -54 305
390 229 -130
-150 -494 -399
-107 48 129
123 -416 454
256 340 466
-124 431 -192
444 -61 126
-177 37 38
-382 -418 429
41 333 -385
139 158 204
430 477 -194
173 -114 -479
245 424 -428
-230 329 277
73 -403 12
486 -210 -339
136 -145 267
155 74 -469
-448 -150 -350
441 224 466
-70 -393 -309
-493 -163 -43
-213 253 -117
445 409 -291
258 -279 88
-78 446 6
-470 -87 -332
400 91 262
155 -90 -141
124 37 48
-17 95 -459
102 -150 -209
336 -126 -480
96 -479 -152
-301 168 -16
-219 234 -447
499 -82 438
400 288 -373
-33 228 393
148 -17 307
-79 -190 117
313 14 -191
116 435 -49
100 -251 19
56 298 -197
-276 -492 344
109 489 202
-305 -15 -407
-157 23 87
-186 3 -52
-300 -42 118
80 296 298
-219 89 298
-491 -343 -28
122 38 -208
-462 -321 -310
157 458 -309
315 388 -344
11 -298 134
-228 -445 -172
146 -138 386
375 -67 369
-358 344 -84
381 498 -178
151 -479 199
57 -24 392
-111 -425 212
100 10 -497
369 361 188
-99 289 -245
-77 -498 85
-318 -215 -412
-74 117 257
332 432 -331
-346 221 -311
476 -171 -132
192 -75 55
-66 49 -59
12 -355 -440
218 253 -361
-77 -221 496
187 29 49
-63 366 449
-307 -305 -203
-84 -214 -395
-12 -218 -45
234 -386 201
-184 171 286
-237 -187 -145
-315 -447 412
308 332 445
-187 256 -179
58 146 482
-19 -356 -304
-278 -371 -339
35 -50 -327
-34 -456 159
-208 -61 -247
-476 -346 10
245 149 -314
-187 -26 -478
-332 -482 287
405 458 -109
-298 125 -23
-86 -186 324
-166 374 -128
-341 333 -430
-13 -203 18
-323 273 -230
263 168 -308
485 -398 -20
-287 127 302
-401 27 125
43 424 -477
472 -439 -319
-497 -68 5
93 225 -469
-8 -358 -278
-214 -436 400
-313 -140 -87
474 -230 -330
-265 333 211
260 396 167
-215 50 -360
194 195 124
-481 -375 76
194 158 -198
-129 -34 178
93 351 -16
-482 -36 -381
-348 300 -413
-440 426 -490
257 -330 -185
76 -273 -457
258 -336 -391
382 -414 65
-13 77 -26
125 127 129
428 -77 20
402 462 -377
96 237 -239
-305 25 -236
-240 -298 -384
-470 -174 -489
271 -89 47
-347 20 290
424 -312 263
440 351 162
329 400 213
458 78 -135
-493 -23 -300
-442 -61 -197
260 -143 -176
-23 -392 -387
387 301 350
-40 -72 493
-116 -95 40
-389 204 335
-144 -428 -150
323 -15 56
-284 126 -143
26 -143 -163
-229 369 -139
396 -478 117
-388 217 196
85 -459 -77
-371 -271 65
59 432 -204
355 -447 462
84 234 154
472 -43 -131
32 463 107
-17 411 135
-433 348 175
438 -277 -358
254 11 241
-325 -41 325
-279 370 126
434 -295 283
350 -102 -221
201 -307 234
137 34 56
493 -324 205
462 48 381
-200 -87 141
355 355 -358
-38 111 377
-76 178 252
-57 -204 173
-460 -187 375
-428 318 110
-483 432 -388
195 -331 331
-460 -12 185
-410 -3 89
490 -355 -147
-186 151 240
-456 -242 -165
259 -308 105
-236 -319 3
329 275 108
-208 497 49
56 61 127
-33 41 -371
-260 313 -326
101 -423 -285
183 -287 492
324 101 -108
259 170 -72
-473 -416 -425
286 -2 470
-213 347 104
3 -279 163
206 -137 -490
-329 -11 -260
-336 42 119
413 91 204
318 -268 250
-295 475 39
-197 -78 -402
-253 84 148
471 364 413
-425 45 212
46 178 269
-238 19 485
-211 444 365
40 -255 8
-182 370 101
-177 -368 -28
-348 -413 70
263 401 -397
-77 27 100
469 -485 65
-472 43 -153
-412 443 137
-91 -37 -451
181 88 -158
108 -440 -279
258 454 388
-354 190 449
343 -70 120
248 -433 36
283 -465 -274
-315 -462 353
129 -276 248
423 -141 -243
266 444 455
-182 226 -89
-475 -145 -499
49 -4 84
15 464 -158
-425 413 -358
-304 448 -428
-74 106 -327
-71 -96 205
126 312 -125
-407 65 -464
236 -359 314
494 -244 152
436 338 -18
-145 -485 -369
-270 341 125
-489 137 -314
190 150 162
134 393 -147
-84 -48 -492
-238 -267 -46
-197 134 -197
-244 -352 -376
-183 -287 -391
-472 -300 -420
-182 358 -450
-345 -139 -236
403 176 143
409 402 61
-11 448 -218
153 174 -280
-98 423 331
-131 378 -241
-492 119 471
-497 445 281
4 -108 185
-187 198 89
222 438 -463
-90 -39 -266
8 461 459
-7 15 -231
437 369 -442
200 471 -236
-383 -285 55
315 -170 -461
-288 -212 -418
454 -415 210
-16 274 -120
315 451 41
-385 179 -390
398 -427 288
477 -368 456
189 -387 -492
441 290 223
-137 -472 -316
278 -300 -429
385 474 -429
-167 367 -347
-205 -332 325
176 129 150
98 -191 193
186 -420 -384
-251 167 28
179 364 -79
-95 326 316
16 226 166
-413 181 464
-160 186 -479
162 221 -436
-191 -85 402
373 -376 441
245 262 -77
31 306 -232
-182 102 407
-193 -19 -488
-364 130 -386
309 -416 56
-210 -207 496
-348 -446 -155
208 -252 -9
212 -369 -386
-61 458 222
204 495 -448
-231 -21 -262
-77 418 366
159 -2 -14
-304 -38 133
-342 -478 -354
-108 -463 425
147 -42 102
307 -402 330
-208 100 -222
299 -148 -52
382 40 -185
75 262 67
-164 -103 -82
397 328 351
316 -270 -51
425 158 -271
20 440 60
-353 -338 155
175 292 -139
254 -102 -354
214 446 -312
69 138 163
-425 15 21
-25 115 28
-266 70 405
-36 57 462
-339 24 49
-31 -170 423
-150 -167 425
410 237 -164
-163 -222 -107
136 214 -336
91 449 -365
5 -163 -496
-163 123 164
470 108 68
-219 -415 -348
-127 152 -306
376 326 -104
72 -251 140
-326 319 443
111 441 -211
-81 65 305
85 -284 -50
115 109 -436
-334 393 -426
