200 200
299577 486518 422605 31520 132382 322673 87787 11105 472175 223497 277273 142267 36369 421881 11365 241981 274711 356751 226706 169801 194679 78324 178049 486586 71161 135272 82961 27106 62225 54533 261613 206037 378984 180158 283906 20333 208401 53675 224769 200951 126357 4501 159207 459076 245171 292301 345256 30488 42566 382258 466025 48248 218910 196437 387171 296769 228149 113260 79898 301012 196347 258316 210640 305043 476869 342717 246101 32473 379393 28081 415159 88691 149697 218601 150180 393808 420619 105879 250660 24949 463765 197475 412408 37141 54464 324827 279513 382717 377531 93327 36937 477797 416067 41479 484257 232147 158805 307717 2222 29121 314832 363393 386661 210860 366133 25735 172537 468770 154841 115201 492833 310209 411865 185071 98469 328059 190039 268519 184911 196583 351281 253758 64395 237905 399341 198501 217813 423001 214806 23828 39102 15337 66097 320327 30234 66281 247777 493297 441148 392737 80954 418483 174126 426992 170529 187564 458721 461500 38125 272349 248061 232951 20977 388341 251716 157217 340623 101335 174101 142906 124276 105719 67676 313852 208129 272857 371343 212537 241394 258079 148313 281697 158905 347151 158921 102103 434335 274966 143659 24136 461361 7375 399921 53499 473579 406351 422201 237961 452721 324020 241177 186821 52501 79298 270477 37061 358479 65976 477022 448618 
1 87 102 226161
1 162 176 72872
1 51 74 354948
1 180 196 36544
1 162 199 119861
1 29 59 259282
1 134 145 463373
1 78 113 476345
1 59 90 98111
1 7 78 236893
1 34 134 24705
1 54 158 456416
1 38 63 181656
1 104 109 115033
1 160 163 359181
1 7 132 283368
1 139 149 335923
1 105 110 358864
1 102 106 302592
1 122 186 361751
1 179 199 51113
1 95 107 225583
1 185 195 134265
1 51 200 189153
1 118 159 400515
1 109 173 27697
1 38 137 98996
1 120 192 461617
1 103 196 406173
1 69 82 162465
1 57 84 368091
1 114 174 388009
1 31 116 201961
1 43 146 362389
1 84 104 436875
1 104 130 193201
1 43 114 293841
1 186 194 221097
1 161 163 365205
1 144 194 183001
1 142 151 487417
1 10 32 134385
1 130 133 416161
1 33 69 124949
1 117 157 370031
1 139 167 350938
1 34 142 229473
1 111 136 87957
1 101 164 469751
1 56 110 14993
1 2 144 23881
1 60 189 127177
1 40 193 34381
1 81 192 180593
1 113 122 414550
1 30 91 291521
1 37 74 210681
1 36 182 482258
1 26 145 375044
1 106 117 481675
1 2 177 292531
1 38 41 267895
1 109 160 417546
1 51 180 10721
1 10 94 184709
1 44 107 285481
1 67 135 145001
1 41 136 435535
1 67 179 327761
1 152 174 300881
1 5 200 362677
1 95 107 396069
1 57 186 116556
1 81 91 236225
1 124 170 376417
1 2 150 307251
1 96 172 288815
1 143 159 471491
1 177 186 265703
1 33 159 90321
1 62 194 358301
1 55 131 92065
1 71 131 240167
1 116 167 276814
1 128 173 380112
1 35 155 215767
1 52 108 236740
1 42 74 337736
1 75 126 315345
1 12 44 424897
1 10 58 59512
1 2 65 200001
1 3 61 317101
1 11 91 240609
1 73 162 119081
1 10 42 467884
1 138 185 320209
1 185 189 385746
1 54 110 38419
1 15 143 356217
1 24 77 194641
1 39 39 25976
1 15 110 158337
1 8 160 111217
1 7 24 133773
1 31 62 138851
1 83 176 203892
1 23 88 202601
1 105 149 81441
1 25 191 172489
1 150 174 322585
1 60 68 360591
1 77 186 488245
1 83 177 421191
1 63 177 42286
1 138 193 278595
1 20 163 108723
1 126 147 295639
1 115 175 75137
1 174 183 326469
1 112 167 242743
1 4 71 322663
1 108 191 335703
1 21 40 168081
1 66 90 180196
1 58 113 381389
1 77 130 398395
1 62 145 252642
1 147 161 133461
1 44 136 141787
1 15 198 382101
1 18 176 278121
1 24 131 130696
1 55 165 185098
1 6 44 244801
1 65 155 274527
1 68 125 228321
1 128 164 465610
1 71 86 282499
1 74 186 150813
1 30 198 436141
1 60 139 259263
1 24 100 210790
1 31 176 473125
1 100 118 93773
1 180 193 434301
1 56 76 124449
1 11 199 67755
1 85 131 150751
1 55 83 246915
1 27 200 439761
1 16 77 325675
1 35 82 15261
1 62 103 58433
1 63 170 129283
1 191 198 477633
1 86 136 57691
1 150 151 333484
1 53 132 99803
1 62 81 406781
1 136 153 450057
1 91 156 246627
1 44 136 449725
1 97 107 157681
1 34 108 208103
1 112 160 176753
1 71 111 41741
1 139 172 373973
1 125 173 318244
1 86 98 446177
1 38 88 44387
1 17 38 51641
1 161 200 311701
1 46 158 475585
1 142 155 499907
1 102 173 46926
1 11 144 15345
1 122 153 351471
1 138 172 168924
1 77 193 249501
1 59 139 12695
1 137 200 427841
1 144 162 4811
1 52 190 403929
1 21 58 114347
1 149 193 20913
1 9 27 87281
1 15 188 12445
1 54 143 486374
1 6 103 27453
1 16 122 378771
1 36 147 412932
1 51 91 142705
1 103 161 334209
1 79 90 214457
1 40 164 285078
1 150 177 435939
1 64 186 452949
1 64 191 96783
2 20 200
