100 500
93 1 -19980715
46 2 -19980576
98 3 -19980530
9 4 19980586
63 5 19980529
49 6 -19980646
44 7 -19980535
76 8 19980544
35 9 -19980707
26 10 -19980533
100 11 19980585
45 12 19980611
30 13 -19980593
65 14 -19980590
70 15 19980730
58 16 19980719
99 17 -19980512
42 18 19980531
78 19 19980606
33 20 -19980695
15 21 -19980515
68 22 19980621
13 23 19980670
69 24 -19980644
22 25 -19980726
34 26 19980596
85 27 19980501
43 28 19980603
29 29 -19980681
17 30 19980674
24 31 19980710
3 32 -19980548
83 33 19980499
86 34 19980557
2 35 19980508
54 36 19980542
23 37 19980565
77 38 -19980556
64 39 -19980624
18 40 19980555
89 41 19980521
90 42 19980582
12 43 19980679
80 44 19980712
81 45 19980558
55 46 19980660
72 47 19980730
57 48 19980717
75 49 -19980687
20 50 19980559
16 51 19980731
32 52 19980593
36 53 19980504
62 54 19980642
6 55 -19980650
96 56 19980664
95 57 -19980673
61 58 -19980726
71 59 19980714
19 60 19980712
21 61 19980583
8 62 19980662
59 63 19980718
4 64 -19980565
41 65 19980713
73 66 19980510
92 67 19980573
27 68 -19980641
79 69 19980583
14 70 19980624
1 71 19980501
84 72 19980599
7 73 -19980580
40 74 19980587
66 75 19980562
48 76 19980699
5 77 -19980557
11 78 19980526
39 79 19980505
60 80 -19980522
51 81 19980633
74 82 -19980504
10 83 19980517
87 84 19980693
82 85 19980729
28 86 19980552
25 87 19980623
97 88 19980592
56 89 19980678
91 90 19980586
88 91 19980514
38 92 -19980597
53 93 19980715
52 94 19980598
37 95 19980651
67 96 19980651
50 97 19980633
31 98 19980635
47 99 19980573
94 100 -19980583
95 87 19604855
77 24 18328916
45 41 15485488
39 59 -16779198
13 12 19002712
6 96 19399113
72 99 -15293201
97 55 -14945344
56 15 17956397
25 81 17461884
79 86 14821451
10 56 -17224785
91 21 17339298
95 62 15449519
98 23 15292395
69 71 -14797075
89 54 17831153
41 94 19365520
9 22 15133515
70 47 17419795
86 5 19327818
5 73 17751022
35 98 18041900
69 61 15238171
96 61 15572257
100 37 19129945
24 48 -17038860
25 86 18973851
59 83 17278337
33 22 -18460153
67 53 19205974
9 63 19201689
73 19 -18583815
99 95 16184920
50 25 17990404
34 19 16403619
39 87 19327072
49 55 -18304701
37 9 15537248
52 74 16826773
6 73 19735053
60 47 17743356
31 45 15449789
77 96 19673328
8 60 15484188
21 72 -19203397
2 34 -19504399
3 25 19196114
69 20 17225429
17 56 17943098
86 71 15212189
48 49 16262100
42 53 15880743
93 92 19456087
10 25 15718578
4 91 19018859
5 49 -17419644
16 30 18777583
9 64 18660812
47 98 16648835
29 95 19813550
97 40 17692368
68 84 18079812
26 51 18832579
4 16 19643478
13 99 19926768
74 63 15214451
96 50 17778369
92 26 16149206
29 91 -17826562
64 42 16951882
45 39 17521753
43 83 -16614029
8 56 19218153
89 43 16191430
56 38 17301234
38 52 18774677
34 29 16947115
49 92 15301460
4 54 -18379725
74 37 15165760
12 55 16964337
53 47 -19019581
34 21 17262226
44 19 -15282321
19 23 -18802370
49 97 15232793
75 5 15943286
41 92 18455103
78 94 17708588
20 71 19324244
57 40 -17546714
94 96 17663421
44 32 -19727977
71 55 18529414
12 96 16521175
11 31 -18259190
7 2 16771143
27 2 19296101
43 89 17451506
94 81 19537018
7 38 16752750
49 82 19651736
17 65 16865692
19 62 -17622224
92 12 17302392
34 13 16826352
23 70 -18305042
4 10 18953628
20 80 15999870
85 74 17137421
31 52 16448285
51 87 15654385
89 50 15827859
76 86 19128890
37 26 -16615459
50 45 -16349900
68 72 15161470
76 23 14869506
32 49 16474423
76 63 15105048
95 13 16786291
84 63 15475136
32 33 14791125
27 62 16578344
5 41 19845610
74 30 15662903
19 73 -16087343
55 50 14790892
75 37 -18057124
83 35 19318287
100 84 19640769
27 72 14840897
58 96 -18090214
38 34 19548782
32 7 17076995
97 45 15700454
72 71 17516182
91 33 18489147
10 88 15863536
94 20 18397051
88 35 14970054
4 59 14902781
61 66 -19239149
92 55 19083007
45 33 15076730
14 27 18770587
66 87 16215140
82 28 15703089
45 19 16929068
89 92 -19503233
76 74 -15953480
74 40 15036731
8 17 18814059
26 23 15698056
81 90 19951345
1 57 -15016447
32 19 14801319
98 31 -15518397
1 7 -17348782
85 59 -19014544
63 13 18850270
12 78 16802447
53 45 -19816991
31 39 15984576
20 27 17037830
48 56 -18661855
29 82 -16313890
91 75 15023771
53 74 18308744
52 58 16299034
98 72 -15886608
17 50 17730743
95 39 -18186934
2 43 -18285329
94 35 15885867
16 73 -15416645
96 98 15615282
91 92 -16299763
62 56 18262846
9 91 18351064
70 41 15485664
8 100 15084966
58 21 18209768
90 93 15897100
81 1 -18517408
27 89 19232738
92 5 14916705
99 20 19437376
23 20 19155808
36 26 16036326
41 57 -18243490
86 68 17037523
86 82 -16433781
65 59 -16264221
79 70 15372328
67 74 -17911844
89 63 -16245282
94 90 16529340
54 25 15544460
93 77 18688924
48 20 -16603514
70 56 16568637
60 30 15233263
63 52 14862227
63 70 15212948
19 92 16732109
23 84 -15185608
27 29 -17255301
100 90 -17600488
92 43 17884670
78 55 19495740
70 34 16446441
94 53 18042919
69 43 18713711
14 28 17581258
76 91 -14827350
13 32 16856611
66 10 -15948136
24 82 17521337
86 26 17561069
4 12 -15819237
79 8 -18216785
13 44 -15732915
11 21 -18486046
4 13 17776148
41 87 17830847
26 41 16856597
85 96 15000428
28 45 19826163
42 41 15099818
13 49 19231023
62 34 19939357
6 21 15428029
18 45 19924940
70 92 -16314348
63 12 16621721
90 48 16088687
31 16 15986285
69 11 16052928
80 75 15313200
74 36 15966005
87 39 17191175
79 95 -15453693
2 91 17147150
81 21 17842832
2 82 -15186483
12 52 17710008
76 77 -17288592
58 26 19583330
89 53 17156200
19 87 16931525
97 33 18129872
4 4 15987310
95 67 16348634
50 28 15306107
30 22 -14869816
60 58 18080813
84 12 16874366
4 89 15763616
22 67 17922262
78 99 17141881
36 11 17264002
38 37 15802272
47 51 -18331509
98 56 -17204757
61 78 16741944
43 35 -18671235
97 67 19928100
54 97 19198249
12 8 15440236
72 45 18125754
84 74 15699342
55 95 17377357
80 70 16900035
27 73 17005832
58 13 17564553
72 52 19577191
25 59 17466950
40 82 17503569
46 65 16837444
85 39 18219609
35 83 -17961649
52 59 18809342
59 59 -19914244
62 49 18236587
60 23 14951233
39 47 15581797
81 27 16127826
62 63 -17740397
84 100 14997801
7 79 18552962
73 31 15525904
44 84 15446879
29 72 -17365467
87 82 -19252588
47 54 18287119
84 11 -16389572
80 5 19549927
61 50 18964768
45 55 15645649
99 23 -19801774
94 62 -15087474
36 32 19021306
87 98 15045834
50 90 19284364
53 92 15415662
38 79 17635964
94 30 15078747
7 78 16065166
38 86 16769953
14 33 16969875
69 44 16171465
76 56 15678100
75 29 18395294
78 16 17436215
98 45 15900528
82 64 15146651
26 67 17428224
69 92 15438899
28 51 -18906282
24 68 -19091445
75 79 19811448
16 16 18849111
1 13 -19944637
46 50 -16313093
45 45 17732432
51 72 16821947
21 90 -15424322
23 99 16268064
36 7 -16137544
21 87 18965258
6 10 18642427
22 84 15853669
27 24 19827294
53 36 19750996
22 76 14917728
4 69 14893118
52 28 19154113
56 9 16863142
9 84 18606569
30 96 19008116
99 87 15660413
36 34 19031647
96 58 -18501072
5 93 -17220837
97 48 15087173
47 69 -18389967
67 56 17210102
31 89 18072580
29 75 18492489
52 93 17697591
74 33 15181568
83 58 19619559
27 51 19277897
44 93 16193692
89 33 16038751
2 33 14863064
43 14 18753209
27 48 14812711
80 57 17324452
76 44 14912363
94 60 15583196
17 98 17445610
42 14 17358678
75 39 19586991
26 86 -16328206
85 92 15025268
45 88 -15861815
16 33 18613963
25 57 15580730
95 31 -17863806
25 42 15824436
22 32 19810061
50 69 19473344
32 43 17546513
28 39 -19306700
70 64 19676725
88 26 -17437614
61 2 16450952
7 48 18079952
41 29 17053204
66 97 19637664
8 33 16783584
11 58 18379748
27 93 19150213
40 87 19469183
3 86 15311819
80 99 -15500743
10 14 19579517
46 77 14897876
49 1 17790149
81 63 18344615
45 90 18857492
100 15 -18218825
74 96 19020328
76 69 15239708
71 7 18328523
80 37 14849304
59 10 17927935
