500 999
1 3 19980731
2 4 19980731
3 5 19980731
4 6 19980731
5 7 19980731
6 8 19980731
7 9 19980731
8 10 19980731
9 11 19980731
10 12 19980731
11 13 19980731
12 14 19980731
13 15 19980731
14 16 19980731
15 17 19980731
16 18 19980731
17 19 19980731
18 20 19980731
19 21 19980731
20 22 19980731
21 23 19980731
22 24 19980731
23 25 19980731
24 26 19980731
25 27 19980731
26 28 19980731
27 29 19980731
28 30 19980731
29 31 19980731
30 32 19980731
31 33 19980731
32 34 19980731
33 35 19980731
34 36 19980731
35 37 19980731
36 38 19980731
37 39 19980731
38 40 19980731
39 41 19980731
40 42 19980731
41 43 19980731
42 44 19980731
43 45 19980731
44 46 19980731
45 47 19980731
46 48 19980731
47 49 19980731
48 50 19980731
49 51 19980731
50 52 19980731
51 53 19980731
52 54 19980731
53 55 19980731
54 56 19980731
55 57 19980731
56 58 19980731
57 59 19980731
58 60 19980731
59 61 19980731
60 62 19980731
61 63 19980731
62 64 19980731
63 65 19980731
64 66 19980731
65 67 19980731
66 68 19980731
67 69 19980731
68 70 19980731
69 71 19980731
70 72 19980731
71 73 19980731
72 74 19980731
73 75 19980731
74 76 19980731
75 77 19980731
76 78 19980731
77 79 19980731
78 80 19980731
79 81 19980731
80 82 19980731
81 83 19980731
82 84 19980731
83 85 19980731
84 86 19980731
85 87 19980731
86 88 19980731
87 89 19980731
88 90 19980731
89 91 19980731
90 92 19980731
91 93 19980731
92 94 19980731
93 95 19980731
94 96 19980731
95 97 19980731
96 98 19980731
97 99 19980731
98 100 19980731
99 101 19980731
100 102 19980731
101 103 19980731
102 104 19980731
103 105 19980731
104 106 19980731
105 107 19980731
106 108 19980731
107 109 19980731
108 110 19980731
109 111 19980731
110 112 19980731
111 113 19980731
112 114 19980731
113 115 19980731
114 116 19980731
115 117 19980731
116 118 19980731
117 119 19980731
118 120 19980731
119 121 19980731
120 122 19980731
121 123 19980731
122 124 19980731
123 125 19980731
124 126 19980731
125 127 19980731
126 128 19980731
127 129 19980731
128 130 19980731
129 131 19980731
130 132 19980731
131 133 19980731
132 134 19980731
133 135 19980731
134 136 19980731
135 137 19980731
136 138 19980731
137 139 19980731
138 140 19980731
139 141 19980731
140 142 19980731
141 143 19980731
142 144 19980731
143 145 19980731
144 146 19980731
145 147 19980731
146 148 19980731
147 149 19980731
148 150 19980731
149 151 19980731
150 152 19980731
151 153 19980731
152 154 19980731
153 155 19980731
154 156 19980731
155 157 19980731
156 158 19980731
157 159 19980731
158 160 19980731
159 161 19980731
160 162 19980731
161 163 19980731
162 164 19980731
163 165 19980731
164 166 19980731
165 167 19980731
166 168 19980731
167 169 19980731
168 170 19980731
169 171 19980731
170 172 19980731
171 173 19980731
172 174 19980731
173 175 19980731
174 176 19980731
175 177 19980731
176 178 19980731
177 179 19980731
178 180 19980731
179 181 19980731
180 182 19980731
181 183 19980731
182 184 19980731
183 185 19980731
184 186 19980731
185 187 19980731
186 188 19980731
187 189 19980731
188 190 19980731
189 191 19980731
190 192 19980731
191 193 19980731
192 194 19980731
193 195 19980731
194 196 19980731
195 197 19980731
196 198 19980731
197 199 19980731
198 200 19980731
199 201 19980731
200 202 19980731
201 203 19980731
202 204 19980731
203 205 19980731
204 206 19980731
205 207 19980731
206 208 19980731
207 209 19980731
208 210 19980731
209 211 19980731
210 212 19980731
211 213 19980731
212 214 19980731
213 215 19980731
214 216 19980731
215 217 19980731
216 218 19980731
217 219 19980731
218 220 19980731
219 221 19980731
220 222 19980731
221 223 19980731
222 224 19980731
223 225 19980731
224 226 19980731
225 227 19980731
226 228 19980731
227 229 19980731
228 230 19980731
229 231 19980731
230 232 19980731
231 233 19980731
232 234 19980731
233 235 19980731
234 236 19980731
235 237 19980731
236 238 19980731
237 239 19980731
238 240 19980731
239 241 19980731
240 242 19980731
241 243 19980731
242 244 19980731
243 245 19980731
244 246 19980731
245 247 19980731
246 248 19980731
247 249 19980731
248 250 19980731
249 251 19980731
250 252 19980731
251 253 19980731
252 254 19980731
253 255 19980731
254 256 19980731
255 257 19980731
256 258 19980731
257 259 19980731
258 260 19980731
259 261 19980731
260 262 19980731
261 263 19980731
262 264 19980731
263 265 19980731
264 266 19980731
265 267 19980731
266 268 19980731
267 269 19980731
268 270 19980731
269 271 19980731
270 272 19980731
271 273 19980731
272 274 19980731
273 275 19980731
274 276 19980731
275 277 19980731
276 278 19980731
277 279 19980731
278 280 19980731
279 281 19980731
280 282 19980731
281 283 19980731
282 284 19980731
283 285 19980731
284 286 19980731
285 287 19980731
286 288 19980731
287 289 19980731
288 290 19980731
289 291 19980731
290 292 19980731
291 293 19980731
292 294 19980731
293 295 19980731
294 296 19980731
295 297 19980731
296 298 19980731
297 299 19980731
298 300 19980731
299 301 19980731
300 302 19980731
301 303 19980731
302 304 19980731
303 305 19980731
304 306 19980731
305 307 19980731
306 308 19980731
307 309 19980731
308 310 19980731
309 311 19980731
310 312 19980731
311 313 19980731
312 314 19980731
313 315 19980731
314 316 19980731
315 317 19980731
316 318 19980731
317 319 19980731
318 320 19980731
319 321 19980731
320 322 19980731
321 323 19980731
322 324 19980731
323 325 19980731
324 326 19980731
325 327 19980731
326 328 19980731
327 329 19980731
328 330 19980731
329 331 19980731
330 332 19980731
331 333 19980731
332 334 19980731
333 335 19980731
334 336 19980731
335 337 19980731
336 338 19980731
337 339 19980731
338 340 19980731
339 341 19980731
340 342 19980731
341 343 19980731
342 344 19980731
343 345 19980731
344 346 19980731
345 347 19980731
346 348 19980731
347 349 19980731
348 350 19980731
349 351 19980731
350 352 19980731
351 353 19980731
352 354 19980731
353 355 19980731
354 356 19980731
355 357 19980731
356 358 19980731
357 359 19980731
358 360 19980731
359 361 19980731
360 362 19980731
361 363 19980731
362 364 19980731
363 365 19980731
364 366 19980731
365 367 19980731
366 368 19980731
367 369 19980731
368 370 19980731
369 371 19980731
370 372 19980731
371 373 19980731
372 374 19980731
373 375 19980731
374 376 19980731
375 377 19980731
376 378 19980731
377 379 19980731
378 380 19980731
379 381 19980731
380 382 19980731
381 383 19980731
382 384 19980731
383 385 19980731
384 386 19980731
385 387 19980731
386 388 19980731
387 389 19980731
388 390 19980731
389 391 19980731
390 392 19980731
391 393 19980731
392 394 19980731
393 395 19980731
394 396 19980731
395 397 19980731
396 398 19980731
397 399 19980731
398 400 19980731
399 401 19980731
400 402 19980731
401 403 19980731
402 404 19980731
403 405 19980731
404 406 19980731
405 407 19980731
406 408 19980731
407 409 19980731
408 410 19980731
409 411 19980731
410 412 19980731
411 413 19980731
412 414 19980731
413 415 19980731
414 416 19980731
415 417 19980731
416 418 19980731
417 419 19980731
418 420 19980731
419 421 19980731
420 422 19980731
421 423 19980731
422 424 19980731
423 425 19980731
424 426 19980731
425 427 19980731
426 428 19980731
427 429 19980731
428 430 19980731
429 431 19980731
430 432 19980731
431 433 19980731
432 434 19980731
433 435 19980731
434 436 19980731
435 437 19980731
436 438 19980731
437 439 19980731
438 440 19980731
439 441 19980731
440 442 19980731
441 443 19980731
442 444 19980731
443 445 19980731
444 446 19980731
445 447 19980731
446 448 19980731
447 449 19980731
448 450 19980731
449 451 19980731
450 452 19980731
451 453 19980731
452 454 19980731
453 455 19980731
454 456 19980731
455 457 19980731
456 458 19980731
457 459 19980731
458 460 19980731
459 461 19980731
460 462 19980731
461 463 19980731
462 464 19980731
463 465 19980731
464 466 19980731
465 467 19980731
466 468 19980731
467 469 19980731
468 470 19980731
469 471 19980731
470 472 19980731
471 473 19980731
472 474 19980731
473 475 19980731
474 476 19980731
475 477 19980731
476 478 19980731
477 479 19980731
478 480 19980731
479 481 19980731
480 482 19980731
481 483 19980731
482 484 19980731
483 485 19980731
484 486 19980731
485 487 19980731
486 488 19980731
487 489 19980731
488 490 19980731
489 491 19980731
490 492 19980731
491 493 19980731
492 494 19980731
493 495 19980731
494 496 19980731
495 497 19980731
496 498 19980731
497 499 19980731
499 1 19980731
500 2 19980731
1 1 -19980731
2 2 -19980731
3 3 -19980731
4 4 -19980731
5 5 -19980731
6 6 -19980731
7 7 -19980731
8 8 -19980731
9 9 -19980731
10 10 -19980731
11 11 -19980731
12 12 -19980731
13 13 -19980731
14 14 -19980731
15 15 -19980731
16 16 -19980731
17 17 -19980731
18 18 -19980731
19 19 -19980731
20 20 -19980731
21 21 -19980731
22 22 -19980731
23 23 -19980731
24 24 -19980731
25 25 -19980731
26 26 -19980731
27 27 -19980731
28 28 -19980731
29 29 -19980731
30 30 -19980731
31 31 -19980731
32 32 -19980731
33 33 -19980731
34 34 -19980731
35 35 -19980731
36 36 -19980731
37 37 -19980731
38 38 -19980731
39 39 -19980731
40 40 -19980731
41 41 -19980731
42 42 -19980731
43 43 -19980731
44 44 -19980731
45 45 -19980731
46 46 -19980731
47 47 -19980731
48 48 -19980731
49 49 -19980731
50 50 -19980731
51 51 -19980731
52 52 -19980731
53 53 -19980731
54 54 -19980731
55 55 -19980731
56 56 -19980731
57 57 -19980731
58 58 -19980731
59 59 -19980731
60 60 -19980731
61 61 -19980731
62 62 -19980731
63 63 -19980731
64 64 -19980731
65 65 -19980731
66 66 -19980731
67 67 -19980731
68 68 -19980731
69 69 -19980731
70 70 -19980731
71 71 -19980731
72 72 -19980731
73 73 -19980731
74 74 -19980731
75 75 -19980731
76 76 -19980731
77 77 -19980731
78 78 -19980731
79 79 -19980731
80 80 -19980731
81 81 -19980731
82 82 -19980731
83 83 -19980731
84 84 -19980731
85 85 -19980731
86 86 -19980731
87 87 -19980731
88 88 -19980731
89 89 -19980731
90 90 -19980731
91 91 -19980731
92 92 -19980731
93 93 -19980731
94 94 -19980731
95 95 -19980731
96 96 -19980731
97 97 -19980731
98 98 -19980731
99 99 -19980731
100 100 -19980731
101 101 -19980731
102 102 -19980731
103 103 -19980731
104 104 -19980731
105 105 -19980731
106 106 -19980731
107 107 -19980731
108 108 -19980731
109 109 -19980731
110 110 -19980731
111 111 -19980731
112 112 -19980731
113 113 -19980731
114 114 -19980731
115 115 -19980731
116 116 -19980731
117 117 -19980731
118 118 -19980731
119 119 -19980731
120 120 -19980731
121 121 -19980731
122 122 -19980731
123 123 -19980731
124 124 -19980731
125 125 -19980731
126 126 -19980731
127 127 -19980731
128 128 -19980731
129 129 -19980731
130 130 -19980731
131 131 -19980731
132 132 -19980731
133 133 -19980731
134 134 -19980731
135 135 -19980731
136 136 -19980731
137 137 -19980731
138 138 -19980731
139 139 -19980731
140 140 -19980731
141 141 -19980731
142 142 -19980731
143 143 -19980731
144 144 -19980731
145 145 -19980731
146 146 -19980731
147 147 -19980731
148 148 -19980731
149 149 -19980731
150 150 -19980731
151 151 -19980731
152 152 -19980731
153 153 -19980731
154 154 -19980731
155 155 -19980731
156 156 -19980731
157 157 -19980731
158 158 -19980731
159 159 -19980731
160 160 -19980731
161 161 -19980731
162 162 -19980731
163 163 -19980731
164 164 -19980731
165 165 -19980731
166 166 -19980731
167 167 -19980731
168 168 -19980731
169 169 -19980731
170 170 -19980731
171 171 -19980731
172 172 -19980731
173 173 -19980731
174 174 -19980731
175 175 -19980731
176 176 -19980731
177 177 -19980731
178 178 -19980731
179 179 -19980731
180 180 -19980731
181 181 -19980731
182 182 -19980731
183 183 -19980731
184 184 -19980731
185 185 -19980731
186 186 -19980731
187 187 -19980731
188 188 -19980731
189 189 -19980731
190 190 -19980731
191 191 -19980731
192 192 -19980731
193 193 -19980731
194 194 -19980731
195 195 -19980731
196 196 -19980731
197 197 -19980731
198 198 -19980731
199 199 -19980731
200 200 -19980731
201 201 -19980731
202 202 -19980731
203 203 -19980731
204 204 -19980731
205 205 -19980731
206 206 -19980731
207 207 -19980731
208 208 -19980731
209 209 -19980731
210 210 -19980731
211 211 -19980731
212 212 -19980731
213 213 -19980731
214 214 -19980731
215 215 -19980731
216 216 -19980731
217 217 -19980731
218 218 -19980731
219 219 -19980731
220 220 -19980731
221 221 -19980731
222 222 -19980731
223 223 -19980731
224 224 -19980731
225 225 -19980731
226 226 -19980731
227 227 -19980731
228 228 -19980731
229 229 -19980731
230 230 -19980731
231 231 -19980731
232 232 -19980731
233 233 -19980731
234 234 -19980731
235 235 -19980731
236 236 -19980731
237 237 -19980731
238 238 -19980731
239 239 -19980731
240 240 -19980731
241 241 -19980731
242 242 -19980731
243 243 -19980731
244 244 -19980731
245 245 -19980731
246 246 -19980731
247 247 -19980731
248 248 -19980731
249 249 -19980731
250 250 -19980731
251 251 -19980731
252 252 -19980731
253 253 -19980731
254 254 -19980731
255 255 -19980731
256 256 -19980731
257 257 -19980731
258 258 -19980731
259 259 -19980731
260 260 -19980731
261 261 -19980731
262 262 -19980731
263 263 -19980731
264 264 -19980731
265 265 -19980731
266 266 -19980731
267 267 -19980731
268 268 -19980731
269 269 -19980731
270 270 -19980731
271 271 -19980731
272 272 -19980731
273 273 -19980731
274 274 -19980731
275 275 -19980731
276 276 -19980731
277 277 -19980731
278 278 -19980731
279 279 -19980731
280 280 -19980731
281 281 -19980731
282 282 -19980731
283 283 -19980731
284 284 -19980731
285 285 -19980731
286 286 -19980731
287 287 -19980731
288 288 -19980731
289 289 -19980731
290 290 -19980731
291 291 -19980731
292 292 -19980731
293 293 -19980731
294 294 -19980731
295 295 -19980731
296 296 -19980731
297 297 -19980731
298 298 -19980731
299 299 -19980731
300 300 -19980731
301 301 -19980731
302 302 -19980731
303 303 -19980731
304 304 -19980731
305 305 -19980731
306 306 -19980731
307 307 -19980731
308 308 -19980731
309 309 -19980731
310 310 -19980731
311 311 -19980731
312 312 -19980731
313 313 -19980731
314 314 -19980731
315 315 -19980731
316 316 -19980731
317 317 -19980731
318 318 -19980731
319 319 -19980731
320 320 -19980731
321 321 -19980731
322 322 -19980731
323 323 -19980731
324 324 -19980731
325 325 -19980731
326 326 -19980731
327 327 -19980731
328 328 -19980731
329 329 -19980731
330 330 -19980731
331 331 -19980731
332 332 -19980731
333 333 -19980731
334 334 -19980731
335 335 -19980731
336 336 -19980731
337 337 -19980731
338 338 -19980731
339 339 -19980731
340 340 -19980731
341 341 -19980731
342 342 -19980731
343 343 -19980731
344 344 -19980731
345 345 -19980731
346 346 -19980731
347 347 -19980731
348 348 -19980731
349 349 -19980731
350 350 -19980731
351 351 -19980731
352 352 -19980731
353 353 -19980731
354 354 -19980731
355 355 -19980731
356 356 -19980731
357 357 -19980731
358 358 -19980731
359 359 -19980731
360 360 -19980731
361 361 -19980731
362 362 -19980731
363 363 -19980731
364 364 -19980731
365 365 -19980731
366 366 -19980731
367 367 -19980731
368 368 -19980731
369 369 -19980731
370 370 -19980731
371 371 -19980731
372 372 -19980731
373 373 -19980731
374 374 -19980731
375 375 -19980731
376 376 -19980731
377 377 -19980731
378 378 -19980731
379 379 -19980731
380 380 -19980731
381 381 -19980731
382 382 -19980731
383 383 -19980731
384 384 -19980731
385 385 -19980731
386 386 -19980731
387 387 -19980731
388 388 -19980731
389 389 -19980731
390 390 -19980731
391 391 -19980731
392 392 -19980731
393 393 -19980731
394 394 -19980731
395 395 -19980731
396 396 -19980731
397 397 -19980731
398 398 -19980731
399 399 -19980731
400 400 -19980731
401 401 -19980731
402 402 -19980731
403 403 -19980731
404 404 -19980731
405 405 -19980731
406 406 -19980731
407 407 -19980731
408 408 -19980731
409 409 -19980731
410 410 -19980731
411 411 -19980731
412 412 -19980731
413 413 -19980731
414 414 -19980731
415 415 -19980731
416 416 -19980731
417 417 -19980731
418 418 -19980731
419 419 -19980731
420 420 -19980731
421 421 -19980731
422 422 -19980731
423 423 -19980731
424 424 -19980731
425 425 -19980731
426 426 -19980731
427 427 -19980731
428 428 -19980731
429 429 -19980731
430 430 -19980731
431 431 -19980731
432 432 -19980731
433 433 -19980731
434 434 -19980731
435 435 -19980731
436 436 -19980731
437 437 -19980731
438 438 -19980731
439 439 -19980731
440 440 -19980731
441 441 -19980731
442 442 -19980731
443 443 -19980731
444 444 -19980731
445 445 -19980731
446 446 -19980731
447 447 -19980731
448 448 -19980731
449 449 -19980731
450 450 -19980731
451 451 -19980731
452 452 -19980731
453 453 -19980731
454 454 -19980731
455 455 -19980731
456 456 -19980731
457 457 -19980731
458 458 -19980731
459 459 -19980731
460 460 -19980731
461 461 -19980731
462 462 -19980731
463 463 -19980731
464 464 -19980731
465 465 -19980731
466 466 -19980731
467 467 -19980731
468 468 -19980731
469 469 -19980731
470 470 -19980731
471 471 -19980731
472 472 -19980731
473 473 -19980731
474 474 -19980731
475 475 -19980731
476 476 -19980731
477 477 -19980731
478 478 -19980731
479 479 -19980731
480 480 -19980731
481 481 -19980731
482 482 -19980731
483 483 -19980731
484 484 -19980731
485 485 -19980731
486 486 -19980731
487 487 -19980731
488 488 -19980731
489 489 -19980731
490 490 -19980731
491 491 -19980731
492 492 -19980731
493 493 -19980731
494 494 -19980731
495 495 -19980731
496 496 -19980731
497 497 -19980731
498 498 -19980731
499 499 -19980731
500 500 -19980731
